750 734250.0648148148 714241.0 666110.0 1268271.0 690506.0 752322.5
1500 2877109.8474576273 2831755.0 2652080.0 3975305.0 2737641.0 2927618.0
2250 6212783.133333334 6219684.0 5881608.0 6545862.0 6130332.0 6332293.0
3000 11018886.0 11128803.0 10496626.0 11228795.0 10769522.0 11179052.0
3750 17098937.0 17151481.0 16402455.0 17600605.0 16864372.0 17376152.0
4500 25403327.866666667 25445259.0 24694233.0 26008416.0 25107283.0 25769958.0
5250 35114392.46666667 35330984.0 33443606.0 36485191.0 34789176.0 35476407.0
6000 46796445.666666664 46737838.0 45479465.0 48154835.0 46180641.0 47265364.0
6750 60213777.666666664 60146480.0 59472489.0 61580740.0 59693620.0 60582178.0
7500 76148000.94117647 75232547.0 72385320.0 82204865.0 73894835.5 78572923.5
8250 91437651.2 91589114.0 87134006.0 93253004.0 90967942.0 92024569.0
9000 109293430.46666667 109339906.0 107449920.0 111359167.0 108384323.0 110147698.0
9750 128859875.26666667 128765031.0 126426217.0 131188962.0 128368814.0 129939987.0
