500 388517.3333333333 386538.0 365238.0 410623.0 377721.0 407027.0
1000 1491043.8125 1468140.5 1455397.0 1677937.0 1462119.0 1488384.0
1500 3207154.6 3176483.0 3143902.0 3384104.0 3169269.0 3223732.0
2000 5702872.533333333 5689676.0 5643390.0 5831444.0 5683685.0 5722438.0
2500 8796422.733333332 8765330.0 8706318.0 8995312.0 8736494.0 8830582.0
3000 12751661.0 12675507.0 12548970.0 13279406.0 12657108.0 12831190.0
3500 17289860.266666666 17274692.0 17072555.0 17549563.0 17166481.0 17390792.0
4000 22464141.933333334 22503486.0 22120946.0 22855863.0 22270086.0 22655140.0
4500 28616985.8 28547875.0 28335550.0 29108798.0 28507736.0 28708344.0
5000 35787860.733333334 35727934.0 35440102.0 36308031.0 35591907.0 36015364.0
5500 43350600.46666667 43201823.0 42899495.0 44455875.0 42993697.0 43702128.0
6000 52064061.53333333 52112848.0 51551903.0 52551808.0 51861654.0 52164265.0
6500 61801661.6 61767461.0 61122005.0 62739082.0 61431783.0 62088346.0
7000 73399267.425 72343647.5 71477782.0 93117344.0 72114535.5 72761166.5
7500 84656356.25 83359826.0 82624811.0 107313577.0 83118310.0 83759656.5
8000 95907106.86666666 95500165.0 95105359.0 99261514.0 95410863.0 96055168.0
8500 109921362.10714285 108636290.5 108149856.0 138506062.0 108365487.0 109199657.5
9000 123341357.6 123420963.0 121970046.0 124696227.0 123171580.0 123882654.0
9500 137901506.26666668 138006884.0 137248589.0 138515293.0 137586499.0 138131111.0
10000 154799218.06666666 154796585.0 154189048.0 155497713.0 154441861.0 155105718.0
10500 171679146.0 171766127.0 170768101.0 172104770.0 171404984.0 172002056.0
11000 195175488.09302327 191768571.0 189222704.0 267842564.0 190563703.0 193651642.0
11500 214335919.6 212038393.0 209363832.0 228287199.0 209748085.0 215722381.0
12000 236689752.3846154 232295208.5 228876281.0 274438990.0 229751356.0 240554934.0
12500 255447095.66666666 252597747.0 251543329.0 321475098.0 252435893.0 253343052.0
13000 278536231.2962963 275750098.0 274503750.0 350098086.0 275125333.0 276219986.0
13500 305726217.8611111 299841336.5 299015941.0 383784022.0 299472121.0 300343984.5
14000 329308458.5555556 325556516.0 323195111.0 411015944.0 324616637.0 327137708.0
14500 356981439.7083333 352947708.5 350735388.0 435614203.0 352180402.0 353894010.5
15000 389663328.1320755 380703455.0 377933881.0 495807798.0 379736640.5 381785891.5
