500 388865.4666666667 386888.0 370418.0 409391.0 377701.0 401276.0
1000 1504017.95 1480353.0 1454875.0 1751937.0 1471467.0 1513136.0
1500 3232764.933333333 3218853.0 3165112.0 3337867.0 3205959.0 3255822.0
2000 5786553.533333333 5794978.0 5669712.0 5955932.0 5730998.0 5802823.0
2500 8894196.866666667 8883174.0 8747525.0 8991685.0 8864229.0 8964519.0
3000 12879560.266666668 12841115.0 12739317.0 13206226.0 12772060.0 12957554.0
3500 17555745.8 17517299.0 17312035.0 17922328.0 17405020.0 17595973.0
4000 22927273.8 22898430.0 22574415.0 23488661.0 22803800.0 22944336.0
4500 29822545.393939395 29442611.0 28900672.0 38084433.0 29194076.5 29684220.0
5000 36977605.74074074 36382278.0 36051381.0 44346973.0 36157909.0 36576282.0
5500 44846067.06666667 44741649.0 43667146.0 48243074.0 44412175.0 44931307.0
6000 53414918.53333333 53467076.0 52723726.0 54337675.0 52949202.0 53662838.0
6500 63430722.93333333 63454596.0 62929532.0 63922505.0 63086240.0 63716312.0
7000 74676411.8076923 73893722.0 72852464.0 91931538.0 73192234.0 74397185.0
7500 85631050.6 85667013.0 85074045.0 86287236.0 85493287.0 85842418.0
8000 99568042.15384616 98269424.0 97584833.0 123232579.0 98078908.0 98665966.0
8500 111298995.53333333 111210410.0 110829230.0 112156345.0 111075076.0 111379497.0
9000 126785789.6 126218046.0 125075560.0 131288417.0 125954233.0 126681453.0
9500 141007121.26666668 140887412.0 140217559.0 142360759.0 140584977.0 141258032.0
10000 157662453.2 157649796.0 157038194.0 159503504.0 157374944.0 157804179.0
10500 176306663.13333333 176666970.0 175013345.0 177402072.0 175439128.0 176861508.0
11000 196733399.8 196129681.0 194912072.0 203200900.0 195582630.0 197244021.0
11500 214598193.8 214180187.0 211974126.0 222261631.0 212834578.0 215447772.0
12000 239629286.3243243 235774563.0 233528799.0 302022911.0 234765507.0 238003109.0
12500 259613606.93333334 257538103.0 256200894.0 279784681.0 256973019.0 258634154.0
13000 286959538.6 280550204.5 278977333.0 361717933.0 280008042.0 281373033.0
13500 311922997.8333333 305125332.5 303344245.0 385703745.0 304416305.0 306580047.0
14000 330493731.3333333 329745751.0 328876093.0 333009927.0 329446057.0 331782228.0
14500 358854594.4 358119866.0 357519543.0 369461078.0 357806968.0 358505336.0
15000 387584546.93333334 386680299.0 385532184.0 394693228.0 386339234.0 388103729.0
