1000 1795723.9263803682 1750000.0 1731000.0 3465000.0 1744000.0 1767000.0
2000 7181844.036697248 7093000.0 6981000.0 8088000.0 7067500.0 7122000.0
3000 16354656.862745099 16331500.0 16138000.0 17863000.0 16278000.0 16406000.0
4000 31397365.591397848 30502500.0 29890000.0 56342000.0 30303000.0 30760000.0
5000 50042686.2745098 49981000.0 49390000.0 51783000.0 49790000.0 50165000.0
6000 77359475.72815534 76937000.0 75384000.0 83996000.0 76473000.0 78121000.0
7000 110572660.55045871 109684000.0 107057000.0 141260000.0 109167000.0 110747500.0
8000 152025994.84536082 148165500.0 144273000.0 295563000.0 147291000.0 149236000.0
9000 0.0 193360000.0 188972000.0 224586000.0 191559000.0 194928000.0
9000 194270266.66666666 193360000.0 188972000.0 224586000.0 191559000.0 194928000.0
10000 248800463.2352941 244705500.0 239240000.0 397891000.0 243367500.0 246317500.0
