1000 1817380.2281368822 1788000.0 1756000.0 2791000.0 1772000.0 1801000.0
2000 7270921.568627451 7266000.0 7155000.0 7500000.0 7237000.0 7297000.0
3000 17260841.95402299 16854500.0 16528000.0 38838000.0 16722500.0 17031000.0
4000 31823745.098039217 31819000.0 31060000.0 32927000.0 31480000.0 31999000.0
5000 52514163.79310345 52142500.0 51009000.0 79908000.0 51821000.0 52551000.0
6000 80278542.37288135 77654000.0 75037000.0 188456000.0 77148000.0 78119000.0
7000 111291718.44660194 111008000.0 108999000.0 120783000.0 110245000.0 111934000.0
8000 150552171.42857143 149878000.0 147347000.0 177201000.0 149110500.0 150746000.0
9000 195551754.9019608 194958500.0 191490000.0 210619000.0 193921000.0 197043000.0
10000 248778495.14563107 247651000.0 243978000.0 277283000.0 246301000.0 249932000.0
