750 734517.0092592592 733290.5 657503.0 831169.0 727008.5 747291.5
1500 2786362.896226415 2814112.0 2606061.0 2977509.0 2706821.0 2842104.0
2250 6043457.676190476 6090592.0 5593278.0 6426542.0 5903044.0 6175300.5
3000 10870837.60576923 10903058.0 10083726.0 11238263.0 10795582.0 11011556.0
3750 17310799.330097087 17293266.0 16406912.0 18517633.0 17120455.0 17513208.0
4500 25595138.91262136 25571278.0 24725429.0 26483544.0 25333592.0 25865065.0
5250 34875215.84615385 34883778.0 33108056.0 39500897.0 34515360.5 35188057.5
6000 50580109.28828829 50679930.0 45306915.0 55516290.0 49029316.0 52131009.0
6750 59921108.6372549 59923858.0 58504730.0 61973808.0 59488497.0 60313090.0
7500 74209115.35294117 74207367.0 70717092.0 79149358.0 73588309.0 74727450.0
8250 91192183.0 91122046.0 85439084.0 96776442.0 90332608.0 91963525.0
9000 107355965.1553398 107497746.0 101943211.0 111467832.0 106317035.0 108572744.0
9750 128565166.96078432 128687591.0 124300506.0 133188377.0 127827381.0 129489113.0
